    Pressure         n_b          Ye          Yn        Zbar        Abar        mu_e        mu_n
 3.61555E-04   2.20365E-04   3.00776E-01   1.41237E-02   3.60000E+01   1.18000E+02   2.41995E+01   9.28859E-02
 3.65170E-04   2.23521E-04   2.98703E-01   2.09182E-02   3.60000E+01   1.18000E+02   2.42597E+01   1.11259E-01
 3.68822E-04   2.27016E-04   2.96262E-01   2.89195E-02   3.60000E+01   1.18000E+02   2.43201E+01   1.29678E-01
 3.72510E-04   2.30847E-04   2.93482E-01   3.80328E-02   3.60000E+01   1.18000E+02   2.43806E+01   1.48142E-01
 3.76235E-04   2.35036E-04   2.90376E-01   4.82136E-02   3.60000E+01   1.18000E+02   2.44416E+01   1.66749E-01
 3.79998E-04   2.39539E-04   2.87006E-01   5.92547E-02   3.59999E+01   1.18000E+02   2.45024E+01   1.85306E-01
 3.83798E-04   2.45426E-04   2.82175E-01   7.07904E-02   3.57607E+01   1.17761E+02   2.45634E+01   2.03896E-01
 3.87636E-04   2.58751E-04   2.69607E-01   8.02760E-02   3.40059E+01   1.16006E+02   2.46245E+01   2.22019E-01
 3.91512E-04   2.64182E-04   2.66002E-01   9.24649E-02   3.40000E+01   1.16000E+02   2.46858E+01   2.39981E-01
 3.95427E-04   2.69891E-04   2.62285E-01   1.05144E-01   3.40000E+01   1.16000E+02   2.47472E+01   2.57987E-01
 3.99381E-04   2.75905E-04   2.58449E-01   1.18231E-01   3.40000E+01   1.16000E+02   2.48088E+01   2.76038E-01
 4.03375E-04   2.82226E-04   2.54514E-01   1.31657E-01   3.40000E+01   1.16000E+02   2.48706E+01   2.94135E-01
 4.07409E-04   2.88854E-04   2.50499E-01   1.45356E-01   3.40000E+01   1.16000E+02   2.49324E+01   3.12276E-01
 4.15598E-04   3.03029E-04   2.42298E-01   1.73336E-01   3.40000E+01   1.16000E+02   2.50567E+01   3.48694E-01
 4.19754E-04   3.10575E-04   2.38145E-01   1.87506E-01   3.40000E+01   1.16000E+02   2.51190E+01   3.66968E-01
 4.23951E-04   3.18404E-04   2.33988E-01   2.01688E-01   3.40000E+01   1.16000E+02   2.51813E+01   3.85228E-01
 4.28191E-04   3.26568E-04   2.29813E-01   2.15933E-01   3.40000E+01   1.16000E+02   2.52440E+01   4.03596E-01
 4.32473E-04   3.35041E-04   2.25644E-01   2.30155E-01   3.40000E+01   1.16000E+02   2.53068E+01   4.22010E-01
 4.36797E-04   3.43825E-04   2.21493E-01   2.44317E-01   3.40000E+01   1.16000E+02   2.53698E+01   4.40470E-01
 4.41165E-04   3.52921E-04   2.17368E-01   2.58390E-01   3.40000E+01   1.16000E+02   2.54329E+01   4.58975E-01
 4.45577E-04   3.62328E-04   2.13278E-01   2.72344E-01   3.40000E+01   1.16000E+02   2.54962E+01   4.77525E-01
 4.50033E-04   3.72051E-04   2.09230E-01   2.86158E-01   3.40000E+01   1.16000E+02   2.55597E+01   4.96122E-01
 4.54533E-04   3.82084E-04   2.05230E-01   2.99804E-01   3.40000E+01   1.16000E+02   2.56232E+01   5.14758E-01
 4.59079E-04   3.92440E-04   2.01281E-01   3.13275E-01   3.40000E+01   1.16000E+02   2.56870E+01   5.33449E-01
 4.63669E-04   4.03113E-04   1.97390E-01   3.26551E-01   3.40000E+01   1.16000E+02   2.57509E+01   5.52186E-01
 4.68306E-04   4.14107E-04   1.93561E-01   3.39617E-01   3.40000E+01   1.16000E+02   2.58150E+01   5.70970E-01
 4.72989E-04   4.25423E-04   1.89795E-01   3.52463E-01   3.40000E+01   1.16000E+02   2.58793E+01   5.89801E-01
 4.77719E-04   4.37062E-04   1.86097E-01   3.65080E-01   3.40000E+01   1.16000E+02   2.59437E+01   6.08678E-01
 4.82496E-04   4.49026E-04   1.82469E-01   3.77460E-01   3.40000E+01   1.16000E+02   2.60082E+01   6.27603E-01
 4.87321E-04   4.61318E-04   1.78911E-01   3.89598E-01   3.40000E+01   1.16000E+02   2.60730E+01   6.46575E-01
 4.92194E-04   4.73939E-04   1.75425E-01   4.01491E-01   3.40000E+01   1.16000E+02   2.61378E+01   6.65594E-01
 4.97116E-04   4.86892E-04   1.72012E-01   4.13134E-01   3.40000E+01   1.16000E+02   2.62029E+01   6.84660E-01
 5.02087E-04   5.00178E-04   1.68673E-01   4.24527E-01   3.40000E+01   1.16000E+02   2.62681E+01   7.03774E-01
 5.07108E-04   5.13799E-04   1.65407E-01   4.35669E-01   3.40000E+01   1.16000E+02   2.63335E+01   7.22936E-01
 5.12179E-04   5.27198E-04   1.62340E-01   4.46133E-01   3.40000E+01   1.16000E+02   2.63964E+01   7.41383E-01
 5.17301E-04   5.41483E-04   1.59218E-01   4.56785E-01   3.40000E+01   1.16000E+02   2.64621E+01   7.60638E-01
 5.22474E-04   5.56111E-04   1.56169E-01   4.67188E-01   3.40000E+01   1.16000E+02   2.65279E+01   7.79941E-01
 5.27699E-04   5.71063E-04   1.53196E-01   4.77332E-01   3.40000E+01   1.16000E+02   2.65939E+01   7.99267E-01
 5.32976E-04   5.86381E-04   1.50290E-01   4.87247E-01   3.40000E+01   1.16000E+02   2.66601E+01   8.18667E-01
 5.38306E-04   6.02049E-04   1.47454E-01   4.96922E-01   3.40000E+01   1.16000E+02   2.67264E+01   8.38114E-01
 5.43689E-04   6.18068E-04   1.44687E-01   5.06361E-01   3.40000E+01   1.16000E+02   2.67929E+01   8.57610E-01
 5.49126E-04   6.34441E-04   1.41989E-01   5.15567E-01   3.40000E+01   1.16000E+02   2.68596E+01   8.77155E-01
 5.54617E-04   6.51172E-04   1.39357E-01   5.24546E-01   3.40000E+01   1.16000E+02   2.69265E+01   8.96748E-01
 5.60163E-04   6.68262E-04   1.36791E-01   5.33301E-01   3.40000E+01   1.16000E+02   2.69935E+01   9.16390E-01
 5.65765E-04   6.85714E-04   1.34289E-01   5.41838E-01   3.40000E+01   1.16000E+02   2.70606E+01   9.36081E-01
 5.71422E-04   7.03532E-04   1.31850E-01   5.50159E-01   3.40000E+01   1.16000E+02   2.71280E+01   9.55821E-01
 5.77137E-04   7.21686E-04   1.29476E-01   5.58258E-01   3.40000E+01   1.16000E+02   2.71954E+01   9.75576E-01
 5.82908E-04   7.40241E-04   1.27158E-01   5.66166E-01   3.40000E+01   1.16000E+02   2.72631E+01   9.95414E-01
 5.88737E-04   7.59169E-04   1.24899E-01   5.73874E-01   3.40000E+01   1.16000E+02   2.73309E+01   1.01530E+00
 5.94624E-04   7.78464E-04   1.22698E-01   5.81383E-01   3.40000E+01   1.16000E+02   2.73989E+01   1.03523E+00
 6.00571E-04   7.98165E-04   1.20550E-01   5.88712E-01   3.40000E+01   1.16000E+02   2.74671E+01   1.05523E+00
 6.06576E-04   8.18190E-04   1.18462E-01   5.95836E-01   3.40000E+01   1.16000E+02   2.75354E+01   1.07523E+00
 6.12642E-04   8.38641E-04   1.16423E-01   6.02794E-01   3.40000E+01   1.16000E+02   2.76039E+01   1.09531E+00
 6.18768E-04   8.59481E-04   1.14435E-01   6.09576E-01   3.40000E+01   1.16000E+02   2.76726E+01   1.11545E+00
 6.24956E-04   8.80712E-04   1.12497E-01   6.16187E-01   3.40000E+01   1.16000E+02   2.77415E+01   1.13564E+00
 6.31206E-04   9.02341E-04   1.10608E-01   6.22629E-01   3.39996E+01   1.16000E+02   2.78105E+01   1.15587E+00
 6.37518E-04   9.24356E-04   1.08759E-01   6.28692E-01   3.39678E+01   1.15968E+02   2.78790E+01   1.17595E+00
 6.43893E-04   9.51869E-04   1.06392E-01   6.31276E-01   3.32560E+01   1.15256E+02   2.79484E+01   1.19616E+00
 6.50332E-04   9.76247E-04   1.04498E-01   6.35871E-01   3.30038E+01   1.15004E+02   2.80179E+01   1.21615E+00
 6.56835E-04   9.99117E-04   1.02857E-01   6.41561E-01   3.30000E+01   1.15000E+02   2.80877E+01   1.23616E+00
 6.63404E-04   1.02235E-03   1.01258E-01   6.47132E-01   3.30000E+01   1.15000E+02   2.81576E+01   1.25622E+00
 6.70038E-04   1.04599E-03   9.96974E-02   6.52570E-01   3.30000E+01   1.15000E+02   2.82276E+01   1.27633E+00
 6.76738E-04   1.07003E-03   9.81743E-02   6.57877E-01   3.30000E+01   1.15000E+02   2.82979E+01   1.29649E+00
 6.83505E-04   1.09448E-03   9.66874E-02   6.63059E-01   3.30000E+01   1.15000E+02   2.83683E+01   1.31670E+00
 6.90340E-04   1.11933E-03   9.52357E-02   6.68118E-01   3.30000E+01   1.15000E+02   2.84389E+01   1.33696E+00
 6.97244E-04   1.14460E-03   9.38183E-02   6.73057E-01   3.30000E+01   1.15000E+02   2.85097E+01   1.35727E+00
 7.04216E-04   1.17028E-03   9.24342E-02   6.77881E-01   3.30000E+01   1.15000E+02   2.85806E+01   1.37763E+00
 7.11258E-04   1.19639E-03   9.10824E-02   6.82592E-01   3.30000E+01   1.15000E+02   2.86518E+01   1.39804E+00
 7.18371E-04   1.22291E-03   8.97621E-02   6.87193E-01   3.30000E+01   1.15000E+02   2.87231E+01   1.41850E+00
 7.25555E-04   1.24987E-03   8.84723E-02   6.91687E-01   3.30000E+01   1.15000E+02   2.87946E+01   1.43902E+00
 7.32810E-04   1.27725E-03   8.72123E-02   6.96078E-01   3.30000E+01   1.15000E+02   2.88662E+01   1.45958E+00
 7.40138E-04   1.30507E-03   8.59812E-02   7.00369E-01   3.30000E+01   1.15000E+02   2.89381E+01   1.48020E+00
 7.47540E-04   1.33333E-03   8.47782E-02   7.04561E-01   3.30000E+01   1.15000E+02   2.90101E+01   1.50087E+00
 7.55015E-04   1.36203E-03   8.36025E-02   7.08658E-01   3.30000E+01   1.15000E+02   2.90823E+01   1.52159E+00
 7.62565E-04   1.39117E-03   8.24533E-02   7.12663E-01   3.30000E+01   1.15000E+02   2.91547E+01   1.54236E+00
 7.70191E-04   1.42076E-03   8.13300E-02   7.16577E-01   3.30000E+01   1.15000E+02   2.92272E+01   1.56318E+00
 7.77893E-04   1.45082E-03   8.02315E-02   7.20405E-01   3.30000E+01   1.15000E+02   2.93000E+01   1.58406E+00
 7.85672E-04   1.48132E-03   7.91576E-02   7.24148E-01   3.30000E+01   1.15000E+02   2.93729E+01   1.60498E+00
 7.93529E-04   1.51228E-03   7.81075E-02   7.27807E-01   3.30000E+01   1.15000E+02   2.94460E+01   1.62596E+00
 8.01464E-04   1.54371E-03   7.70804E-02   7.31386E-01   3.30000E+01   1.15000E+02   2.95193E+01   1.64699E+00
 8.09478E-04   1.57561E-03   7.60758E-02   7.34887E-01   3.30000E+01   1.15000E+02   2.95928E+01   1.66807E+00
 8.17573E-04   1.60797E-03   7.50930E-02   7.38312E-01   3.30000E+01   1.15000E+02   2.96664E+01   1.68921E+00
 8.25749E-04   1.64081E-03   7.41318E-02   7.41662E-01   3.30000E+01   1.15000E+02   2.97402E+01   1.71039E+00
 8.34007E-04   1.67420E-03   7.31891E-02   7.44947E-01   3.30000E+01   1.15000E+02   2.98144E+01   1.73167E+00
 8.42347E-04   1.70801E-03   7.22683E-02   7.48156E-01   3.30000E+01   1.15000E+02   2.98886E+01   1.75296E+00
 8.50770E-04   1.74231E-03   7.13671E-02   7.51296E-01   3.30000E+01   1.15000E+02   2.99630E+01   1.77431E+00
 8.59278E-04   1.77710E-03   7.04849E-02   7.54371E-01   3.30000E+01   1.15000E+02   3.00375E+01   1.79571E+00
 8.67871E-04   1.81239E-03   6.96212E-02   7.57381E-01   3.30000E+01   1.15000E+02   3.01123E+01   1.81716E+00
 8.76550E-04   1.84819E-03   6.87755E-02   7.60328E-01   3.30000E+01   1.15000E+02   3.01872E+01   1.83867E+00
 8.85315E-04   1.88448E-03   6.79473E-02   7.63214E-01   3.30000E+01   1.15000E+02   3.02624E+01   1.86023E+00
 8.94168E-04   1.92129E-03   6.71362E-02   7.66040E-01   3.30000E+01   1.15000E+02   3.03377E+01   1.88184E+00
 9.03110E-04   1.95862E-03   6.63418E-02   7.68809E-01   3.30000E+01   1.15000E+02   3.04132E+01   1.90351E+00
 9.12141E-04   1.99646E-03   6.55635E-02   7.71521E-01   3.30000E+01   1.15000E+02   3.04889E+01   1.92523E+00
 9.21262E-04   2.03492E-03   6.47991E-02   7.74185E-01   3.30000E+01   1.15000E+02   3.05649E+01   1.94706E+00
 9.30475E-04   2.07382E-03   6.40520E-02   7.76788E-01   3.30000E+01   1.15000E+02   3.06410E+01   1.96889E+00
 9.39780E-04   2.11324E-03   6.33199E-02   7.79340E-01   3.30000E+01   1.15000E+02   3.07173E+01   1.99077E+00
 9.49178E-04   2.15320E-03   6.26023E-02   7.81840E-01   3.30000E+01   1.15000E+02   3.07937E+01   2.01271E+00
 9.58669E-04   2.19371E-03   6.18989E-02   7.84292E-01   3.30000E+01   1.15000E+02   3.08704E+01   2.03470E+00
 9.68256E-04   2.23486E-03   6.12077E-02   7.86701E-01   3.30000E+01   1.15000E+02   3.09474E+01   2.05680E+00
 9.77936E-04   2.27312E-03   6.05852E-02   7.88870E-01   3.30000E+01   1.15000E+02   3.10182E+01   2.07713E+00
 9.87716E-04   2.31790E-03   5.98523E-02   7.90256E-01   3.25271E+01   1.13987E+02   3.10954E+01   2.09928E+00
 9.97593E-04   2.40467E-03   5.81172E-02   7.76472E-01   2.60000E+01   1.00000E+02   3.11728E+01   2.11971E+00
 1.00757E-03   2.44449E-03   5.75917E-02   7.78493E-01   2.60000E+01   1.00000E+02   3.12503E+01   2.13988E+00
 1.01764E-03   2.48479E-03   5.70750E-02   7.80481E-01   2.60000E+01   1.00000E+02   3.13281E+01   2.16010E+00
 1.02782E-03   2.52557E-03   5.65669E-02   7.82435E-01   2.60000E+01   1.00000E+02   3.14061E+01   2.18038E+00
 1.03810E-03   2.56681E-03   5.60678E-02   7.84355E-01   2.60000E+01   1.00000E+02   3.14842E+01   2.20068E+00
 1.06955E-03   2.69362E-03   5.46178E-02   7.89931E-01   2.60000E+01   1.00000E+02   3.17198E+01   2.26195E+00
 1.08025E-03   2.73689E-03   5.41502E-02   7.91730E-01   2.60000E+01   1.00000E+02   3.17988E+01   2.28248E+00
 1.10196E-03   2.82445E-03   5.32430E-02   7.95219E-01   2.60000E+01   1.00000E+02   3.19563E+01   2.32343E+00
 1.11298E-03   2.86922E-03   5.27980E-02   7.96931E-01   2.60000E+01   1.00000E+02   3.20357E+01   2.34409E+00
 1.12412E-03   2.91481E-03   5.23573E-02   7.98626E-01   2.60000E+01   1.00000E+02   3.21159E+01   2.36493E+00
 1.13536E-03   2.96068E-03   5.19260E-02   8.00285E-01   2.60000E+01   1.00000E+02   3.21958E+01   2.38572E+00
 1.14671E-03   3.00708E-03   5.15015E-02   8.01917E-01   2.60000E+01   1.00000E+02   3.22759E+01   2.40655E+00
 1.15818E-03   3.05401E-03   5.10837E-02   8.03524E-01   2.60000E+01   1.00000E+02   3.23563E+01   2.42744E+00
 1.16976E-03   3.10011E-03   5.06842E-02   8.05061E-01   2.60000E+01   1.00000E+02   3.24345E+01   2.44777E+00
 1.18146E-03   3.14812E-03   5.02792E-02   8.06618E-01   2.60000E+01   1.00000E+02   3.25152E+01   2.46876E+00
 1.19327E-03   3.19667E-03   4.98805E-02   8.08152E-01   2.60000E+01   1.00000E+02   3.25961E+01   2.48980E+00
 1.20520E-03   3.24578E-03   4.94879E-02   8.09662E-01   2.60000E+01   1.00000E+02   3.26772E+01   2.51089E+00
 1.21726E-03   3.29544E-03   4.91013E-02   8.11149E-01   2.60000E+01   1.00000E+02   3.27586E+01   2.53203E+00
 1.22943E-03   3.34567E-03   4.87207E-02   8.12613E-01   2.60000E+01   1.00000E+02   3.28401E+01   2.55323E+00
 1.24172E-03   3.39646E-03   4.83459E-02   8.14054E-01   2.60000E+01   1.00000E+02   3.29218E+01   2.57448E+00
 1.25414E-03   3.44782E-03   4.79767E-02   8.15474E-01   2.60000E+01   1.00000E+02   3.30037E+01   2.59578E+00
 1.26668E-03   3.49976E-03   4.76131E-02   8.16873E-01   2.60000E+01   1.00000E+02   3.30859E+01   2.61714E+00
 1.27935E-03   3.55228E-03   4.72550E-02   8.18250E-01   2.60000E+01   1.00000E+02   3.31682E+01   2.63855E+00
 1.29214E-03   3.60538E-03   4.69022E-02   8.19607E-01   2.60000E+01   1.00000E+02   3.32507E+01   2.66001E+00
 1.30506E-03   3.65908E-03   4.65547E-02   8.20943E-01   2.60000E+01   1.00000E+02   3.33335E+01   2.68152E+00
 1.31812E-03   3.71306E-03   4.62142E-02   8.22253E-01   2.60000E+01   1.00000E+02   3.34160E+01   2.70297E+00
 1.33130E-03   3.76795E-03   4.58769E-02   8.23551E-01   2.60000E+01   1.00000E+02   3.34992E+01   2.72460E+00
 1.34461E-03   3.82343E-03   4.55445E-02   8.24829E-01   2.60000E+01   1.00000E+02   3.35825E+01   2.74627E+00
 1.35806E-03   3.87952E-03   4.52169E-02   8.26089E-01   2.60000E+01   1.00000E+02   3.36661E+01   2.76800E+00
 1.37164E-03   3.93604E-03   4.48952E-02   8.27326E-01   2.60000E+01   1.00000E+02   3.37496E+01   2.78971E+00
 1.38536E-03   3.99336E-03   4.45771E-02   8.28550E-01   2.60000E+01   1.00000E+02   3.38336E+01   2.81155E+00
 1.39921E-03   4.05130E-03   4.42636E-02   8.29755E-01   2.60000E+01   1.00000E+02   3.39178E+01   2.83344E+00
 1.41321E-03   4.10987E-03   4.39545E-02   8.30943E-01   2.59982E+01   9.99941E+01   3.40022E+01   2.85539E+00
 1.42734E-03   4.17175E-03   4.36220E-02   8.31560E-01   2.52513E+01   9.75044E+01   3.40868E+01   2.87738E+00
 1.44161E-03   4.25452E-03   4.30865E-02   8.27705E-01   2.00353E+01   8.01178E+01   3.41710E+01   2.89875E+00
 1.45601E-03   4.30166E-03   4.28664E-02   8.28534E-01   2.00002E+01   8.00007E+01   3.42393E+01   2.91581E+00
 1.47057E-03   4.36067E-03   4.25981E-02   8.29602E-01   2.00047E+01   8.00213E+01   3.43245E+01   2.93711E+00
 1.48528E-03   4.42120E-03   4.23248E-02   8.30476E-01   2.02148E+01   8.09668E+01   3.44099E+01   2.95845E+00
 1.50013E-03   4.49104E-03   4.19738E-02   8.29592E-01   2.27201E+01   9.22402E+01   3.44955E+01   2.97969E+00
 1.51513E-03   4.55503E-03   4.16894E-02   8.29821E-01   2.39279E+01   9.76755E+01   3.45813E+01   3.00075E+00
 1.53028E-03   4.61566E-03   4.14452E-02   8.30768E-01   2.39970E+01   9.79865E+01   3.46673E+01   3.02182E+00
 1.54559E-03   4.67668E-03   4.12061E-02   8.31742E-01   2.39999E+01   9.79995E+01   3.47536E+01   3.04294E+00
 1.56104E-03   4.73830E-03   4.09701E-02   8.32705E-01   2.40000E+01   9.80000E+01   3.48400E+01   3.06412E+00
 1.57667E-03   4.80044E-03   4.07376E-02   8.33655E-01   2.40000E+01   9.80000E+01   3.49266E+01   3.08531E+00
 1.59247E-03   4.86341E-03   4.05072E-02   8.34596E-01   2.40000E+01   9.80000E+01   3.50136E+01   3.10663E+00
 1.60839E-03   4.92689E-03   4.02802E-02   8.35523E-01   2.40000E+01   9.80000E+01   3.51007E+01   3.12796E+00
 1.62448E-03   4.99101E-03   4.00561E-02   8.36438E-01   2.40000E+01   9.80000E+01   3.51881E+01   3.14935E+00
 1.64072E-03   5.05575E-03   3.98348E-02   8.37341E-01   2.40000E+01   9.80000E+01   3.52756E+01   3.17079E+00
 1.65713E-03   5.12114E-03   3.96162E-02   8.38234E-01   2.40000E+01   9.80000E+01   3.53634E+01   3.19228E+00
 1.67370E-03   5.18717E-03   3.94005E-02   8.39115E-01   2.40000E+01   9.80000E+01   3.54513E+01   3.21383E+00
 1.69044E-03   5.25385E-03   3.91874E-02   8.39985E-01   2.40000E+01   9.80000E+01   3.55395E+01   3.23543E+00
 1.70734E-03   5.32118E-03   3.89770E-02   8.40844E-01   2.40000E+01   9.80000E+01   3.56280E+01   3.25709E+00
 1.72441E-03   5.38917E-03   3.87692E-02   8.41692E-01   2.40000E+01   9.80000E+01   3.57166E+01   3.27880E+00
 1.74166E-03   5.45782E-03   3.85640E-02   8.42530E-01   2.40000E+01   9.80000E+01   3.58055E+01   3.30056E+00
 1.75911E-03   5.52500E-03   3.83675E-02   8.43333E-01   2.40000E+01   9.80000E+01   3.58918E+01   3.32170E+00
 1.77670E-03   5.59496E-03   3.81673E-02   8.44150E-01   2.40000E+01   9.80000E+01   3.59811E+01   3.34357E+00
 1.79447E-03   5.66560E-03   3.79695E-02   8.44958E-01   2.40000E+01   9.80000E+01   3.60706E+01   3.36549E+00
 1.81241E-03   5.73692E-03   3.77742E-02   8.45755E-01   2.40000E+01   9.80000E+01   3.61603E+01   3.38747E+00
 1.83054E-03   5.80892E-03   3.75812E-02   8.46543E-01   2.40000E+01   9.80000E+01   3.62503E+01   3.40950E+00
 1.84884E-03   5.88161E-03   3.73906E-02   8.47322E-01   2.40000E+01   9.80000E+01   3.63405E+01   3.43159E+00
 1.86733E-03   5.95499E-03   3.72024E-02   8.48090E-01   2.40000E+01   9.80000E+01   3.64309E+01   3.45373E+00
 1.88601E-03   6.02907E-03   3.70164E-02   8.48850E-01   2.40000E+01   9.80000E+01   3.65215E+01   3.47592E+00
 1.90487E-03   6.10385E-03   3.68327E-02   8.49600E-01   2.40000E+01   9.80000E+01   3.66124E+01   3.49817E+00
 1.92391E-03   6.17935E-03   3.66512E-02   8.50341E-01   2.40000E+01   9.80000E+01   3.67034E+01   3.52048E+00
 1.94315E-03   6.25557E-03   3.64718E-02   8.51070E-01   2.39996E+01   9.80004E+01   3.67947E+01   3.54284E+00
 1.96258E-03   6.37640E-03   3.60433E-02   8.45488E-01   2.30762E+01   9.89238E+01   3.68858E+01   3.56485E+00
 1.98220E-03   6.45464E-03   3.58692E-02   8.45606E-01   2.30000E+01   9.90000E+01   3.69775E+01   3.58618E+00
 2.00202E-03   6.52963E-03   3.57189E-02   8.46253E-01   2.30000E+01   9.90000E+01   3.70695E+01   3.60755E+00
 2.02202E-03   6.59851E-03   3.55836E-02   8.46836E-01   2.30000E+01   9.90000E+01   3.71535E+01   3.62706E+00
 2.04224E-03   6.67478E-03   3.54366E-02   8.47469E-01   2.30000E+01   9.90000E+01   3.72459E+01   3.64853E+00
 2.06267E-03   6.75174E-03   3.52912E-02   8.48094E-01   2.30000E+01   9.90000E+01   3.73385E+01   3.67005E+00
 2.08329E-03   6.82937E-03   3.51475E-02   8.48713E-01   2.30000E+01   9.90000E+01   3.74314E+01   3.69163E+00
 2.10413E-03   6.90770E-03   3.50055E-02   8.49324E-01   2.30000E+01   9.90000E+01   3.75245E+01   3.71326E+00
 2.12517E-03   6.98673E-03   3.48650E-02   8.49929E-01   2.30000E+01   9.90000E+01   3.76178E+01   3.73494E+00
 2.14642E-03   7.06645E-03   3.47261E-02   8.50527E-01   2.30000E+01   9.90000E+01   3.77114E+01   3.75668E+00
 2.16788E-03   7.14688E-03   3.45887E-02   8.51118E-01   2.30000E+01   9.90000E+01   3.78052E+01   3.77847E+00
 2.18956E-03   7.22801E-03   3.44529E-02   8.51703E-01   2.30000E+01   9.90000E+01   3.78992E+01   3.80031E+00
 2.21142E-03   7.30483E-03   3.43268E-02   8.52246E-01   2.30000E+01   9.90000E+01   3.79877E+01   3.82087E+00
 2.23354E-03   7.38734E-03   3.41939E-02   8.52817E-01   2.30000E+01   9.90000E+01   3.80822E+01   3.84282E+00
 2.25587E-03   7.47057E-03   3.40625E-02   8.53383E-01   2.30000E+01   9.90000E+01   3.81769E+01   3.86482E+00
 2.27843E-03   7.55453E-03   3.39326E-02   8.53942E-01   2.30000E+01   9.90000E+01   3.82718E+01   3.88688E+00
 2.30121E-03   7.63921E-03   3.38042E-02   8.54495E-01   2.30000E+01   9.90000E+01   3.83670E+01   3.90900E+00
 2.32423E-03   7.72463E-03   3.36772E-02   8.55042E-01   2.30000E+01   9.90000E+01   3.84624E+01   3.93116E+00
 2.34747E-03   7.81078E-03   3.35516E-02   8.55582E-01   2.30000E+01   9.90000E+01   3.85581E+01   3.95339E+00
 2.37094E-03   7.89768E-03   3.34274E-02   8.56117E-01   2.30000E+01   9.90000E+01   3.86540E+01   3.97566E+00
 2.39465E-03   7.98532E-03   3.33045E-02   8.56646E-01   2.30000E+01   9.90000E+01   3.87501E+01   3.99800E+00
 2.41860E-03   8.07372E-03   3.31831E-02   8.57168E-01   2.30000E+01   9.90000E+01   3.88464E+01   4.02039E+00
 2.44279E-03   8.16287E-03   3.30630E-02   8.57685E-01   2.30000E+01   9.90000E+01   3.89431E+01   4.04283E+00
 2.46721E-03   8.25278E-03   3.29443E-02   8.58196E-01   2.30000E+01   9.90000E+01   3.90399E+01   4.06533E+00
 2.49189E-03   8.34345E-03   3.28268E-02   8.58701E-01   2.29993E+01   9.89971E+01   3.91370E+01   4.08789E+00
 2.51680E-03   8.43717E-03   3.27019E-02   8.58955E-01   2.25606E+01   9.73053E+01   3.92343E+01   4.11049E+00
 2.54197E-03   8.57665E-03   3.24076E-02   8.54227E-01   1.60468E+01   7.21807E+01   3.93319E+01   4.13265E+00
 2.56739E-03   8.66680E-03   3.23073E-02   8.54617E-01   1.60000E+01   7.20000E+01   3.94297E+01   4.15439E+00
 2.59307E-03   8.75718E-03   3.22100E-02   8.55055E-01   1.60000E+01   7.20000E+01   3.95277E+01   4.17618E+00
 2.61900E-03   8.84830E-03   3.21137E-02   8.55488E-01   1.60000E+01   7.20000E+01   3.96260E+01   4.19802E+00
 2.64519E-03   8.94016E-03   3.20184E-02   8.55917E-01   1.60000E+01   7.20000E+01   3.97246E+01   4.21992E+00
 2.67170E-03   9.03234E-03   3.19246E-02   8.56339E-01   1.60000E+01   7.20000E+01   3.98229E+01   4.24178E+00
 2.69841E-03   9.12568E-03   3.18315E-02   8.56758E-01   1.60000E+01   7.20000E+01   3.99220E+01   4.26379E+00
 2.72540E-03   9.21977E-03   3.17393E-02   8.57173E-01   1.60000E+01   7.20000E+01   4.00212E+01   4.28585E+00
 2.75265E-03   9.31402E-03   3.16486E-02   8.57576E-01   1.60000E+01   7.20024E+01   4.01201E+01   4.30782E+00
 2.78018E-03   9.41177E-03   3.15512E-02   8.57769E-01   1.60000E+01   7.21271E+01   4.02198E+01   4.32998E+00
 2.80798E-03   9.53298E-03   3.13801E-02   8.55701E-01   1.60000E+01   7.35749E+01   4.03199E+01   4.35198E+00
 2.83606E-03   9.63547E-03   3.12756E-02   8.55370E-01   1.60000E+01   7.39896E+01   4.04201E+01   4.37369E+00
 2.86442E-03   9.73137E-03   3.11961E-02   8.55718E-01   1.60000E+01   7.39998E+01   4.05206E+01   4.39542E+00
 2.89322E-03   9.82724E-03   3.11185E-02   8.56077E-01   1.60000E+01   7.40000E+01   4.06208E+01   4.41707E+00
 2.92214E-03   9.89824E-03   3.10620E-02   8.56338E-01   1.60000E+01   7.40000E+01   4.06946E+01   4.43304E+00
 2.95136E-03   9.99595E-03   3.09854E-02   8.56692E-01   1.60000E+01   7.40000E+01   4.07957E+01   4.45490E+00
 2.98087E-03   1.00945E-02   3.09096E-02   8.57038E-01   1.59992E+01   7.39992E+01   4.08971E+01   4.47683E+00
 3.01068E-03   1.02304E-02   3.07240E-02   8.54058E-01   1.54663E+01   7.34663E+01   4.09987E+01   4.49870E+00
 3.04079E-03   1.03614E-02   3.05594E-02   8.51282E-01   1.50006E+01   7.30006E+01   4.11006E+01   4.51973E+00
 3.07120E-03   1.04582E-02   3.05003E-02   8.51565E-01   1.50000E+01   7.30000E+01   4.12028E+01   4.54072E+00
 3.10191E-03   1.05556E-02   3.04419E-02   8.51850E-01   1.50000E+01   7.30000E+01   4.13052E+01   4.56177E+00
 3.13373E-03   1.06552E-02   3.03834E-02   8.52134E-01   1.50000E+01   7.30000E+01   4.14093E+01   4.58316E+00
 3.16507E-03   1.07540E-02   3.03263E-02   8.52412E-01   1.50000E+01   7.30000E+01   4.15122E+01   4.60431E+00
 3.19672E-03   1.08536E-02   3.02699E-02   8.52686E-01   1.50000E+01   7.30000E+01   4.16154E+01   4.62550E+00
 3.22868E-03   1.09539E-02   3.02142E-02   8.52958E-01   1.50000E+01   7.30000E+01   4.17188E+01   4.64676E+00
 3.26097E-03   1.10550E-02   3.01591E-02   8.53226E-01   1.50000E+01   7.30000E+01   4.18224E+01   4.66806E+00
 3.29358E-03   1.11568E-02   3.01046E-02   8.53491E-01   1.50000E+01   7.30000E+01   4.19264E+01   4.68942E+00
 3.32652E-03   1.12593E-02   3.00508E-02   8.53753E-01   1.50000E+01   7.30000E+01   4.20306E+01   4.71083E+00
 3.35978E-03   1.13625E-02   2.99976E-02   8.54012E-01   1.50000E+01   7.30000E+01   4.21350E+01   4.73229E+00
 3.39338E-03   1.14665E-02   2.99450E-02   8.54268E-01   1.50000E+01   7.30000E+01   4.22397E+01   4.75381E+00
 3.42731E-03   1.15713E-02   2.98931E-02   8.54520E-01   1.50000E+01   7.30000E+01   4.23447E+01   4.77538E+00
 3.46159E-03   1.16768E-02   2.98418E-02   8.54770E-01   1.50000E+01   7.30000E+01   4.24499E+01   4.79700E+00
 3.49620E-03   1.17831E-02   2.97911E-02   8.55017E-01   1.50000E+01   7.30000E+01   4.25554E+01   4.81868E+00
 3.53116E-03   1.18901E-02   2.97410E-02   8.55260E-01   1.50000E+01   7.30000E+01   4.26612E+01   4.84041E+00
 3.56648E-03   1.19978E-02   2.96916E-02   8.55501E-01   1.50000E+01   7.30000E+01   4.27672E+01   4.86219E+00
 3.60214E-03   1.21064E-02   2.96427E-02   8.55739E-01   1.50000E+01   7.30000E+01   4.28735E+01   4.88403E+00
 3.63816E-03   1.22157E-02   2.95945E-02   8.55974E-01   1.50000E+01   7.30000E+01   4.29800E+01   4.90593E+00
 3.67454E-03   1.23257E-02   2.95468E-02   8.56205E-01   1.50000E+01   7.30000E+01   4.30868E+01   4.92787E+00
 3.71129E-03   1.24366E-02   2.94998E-02   8.56434E-01   1.50000E+01   7.30000E+01   4.31939E+01   4.94988E+00
 3.74840E-03   1.25482E-02   2.94533E-02   8.56660E-01   1.50000E+01   7.30000E+01   4.33012E+01   4.97193E+00
 3.78589E-03   1.26606E-02   2.94075E-02   8.56883E-01   1.50000E+01   7.30000E+01   4.34088E+01   4.99404E+00
 3.82375E-03   1.27738E-02   2.93622E-02   8.57104E-01   1.50000E+01   7.30000E+01   4.35167E+01   5.01621E+00
 3.86198E-03   1.28878E-02   2.93176E-02   8.57321E-01   1.50000E+01   7.30000E+01   4.36248E+01   5.03843E+00
 3.90060E-03   1.30025E-02   2.92735E-02   8.57536E-01   1.50000E+01   7.30000E+01   4.37332E+01   5.06071E+00
 3.93961E-03   1.31181E-02   2.92300E-02   8.57747E-01   1.50000E+01   7.30000E+01   4.38419E+01   5.08304E+00
 3.97900E-03   1.32344E-02   2.91871E-02   8.57956E-01   1.50000E+01   7.30000E+01   4.39508E+01   5.10542E+00
 4.01879E-03   1.33516E-02   2.91448E-02   8.58162E-01   1.50000E+01   7.30000E+01   4.40601E+01   5.12787E+00
 4.05898E-03   1.34695E-02   2.91030E-02   8.58365E-01   1.50000E+01   7.30000E+01   4.41695E+01   5.15036E+00
 4.09957E-03   1.35882E-02   2.90619E-02   8.58566E-01   1.50000E+01   7.30000E+01   4.42793E+01   5.17292E+00
 4.14054E-03   1.37068E-02   2.90216E-02   8.58762E-01   1.50000E+01   7.30000E+01   4.43884E+01   5.19535E+00
 4.18194E-03   1.38272E-02   2.89815E-02   8.58957E-01   1.50000E+01   7.30000E+01   4.44987E+01   5.21801E+00
 4.22376E-03   1.39484E-02   2.89421E-02   8.59149E-01   1.50000E+01   7.30000E+01   4.46093E+01   5.24073E+00
 4.26600E-03   1.40703E-02   2.89032E-02   8.59338E-01   1.50000E+01   7.30000E+01   4.47202E+01   5.26351E+00
 4.30866E-03   1.41931E-02   2.88648E-02   8.59525E-01   1.50000E+01   7.30000E+01   4.48313E+01   5.28634E+00
 4.35175E-03   1.43167E-02   2.88270E-02   8.59708E-01   1.50000E+01   7.30000E+01   4.49427E+01   5.30924E+00
 4.39526E-03   1.44412E-02   2.87898E-02   8.59890E-01   1.50000E+01   7.30000E+01   4.50543E+01   5.33218E+00
 4.43922E-03   1.45664E-02   2.87532E-02   8.60068E-01   1.50000E+01   7.30000E+01   4.51663E+01   5.35519E+00
 4.48361E-03   1.46925E-02   2.87171E-02   8.60244E-01   1.50000E+01   7.30000E+01   4.52785E+01   5.37825E+00
 4.52786E-03   1.47413E-02   2.87033E-02   8.60311E-01   1.50000E+01   7.30000E+01   4.53218E+01   5.38714E+00
 4.57314E-03   1.48684E-02   2.86680E-02   8.60482E-01   1.50000E+01   7.30000E+01   4.54343E+01   5.41025E+00
 4.61887E-03   1.49963E-02   2.86333E-02   8.60651E-01   1.50000E+01   7.30000E+01   4.55470E+01   5.43342E+00
 5.23341E-03   1.50116E-02   2.86292E-02   8.60671E-01   1.50000E+01   7.30000E+01   4.55605E+01   5.43619E+00
 5.28581E-03   1.51028E-02   2.86049E-02   8.60789E-01   1.50000E+01   7.30000E+01   4.56405E+01   5.45263E+00
 5.33867E-03   1.52296E-02   2.85719E-02   8.60950E-01   1.50000E+01   7.30000E+01   4.57515E+01   5.47544E+00
 5.39205E-03   1.53573E-02   2.85393E-02   8.61109E-01   1.50000E+01   7.30000E+01   4.58628E+01   5.49831E+00
 6.71403E-03   1.53985E-02   2.85289E-02   8.61159E-01   1.50000E+01   7.30000E+01   4.58986E+01   5.50568E+00
 6.78117E-03   1.55237E-02   2.84979E-02   8.61310E-01   1.50000E+01   7.30000E+01   4.60072E+01   5.52799E+00
 6.84898E-03   1.56497E-02   2.84674E-02   8.61458E-01   1.50000E+01   7.30000E+01   4.61160E+01   5.55035E+00
 7.19857E-03   1.56910E-02   2.84576E-02   8.61506E-01   1.50000E+01   7.30000E+01   4.61516E+01   5.55765E+00
 7.27055E-03   1.58176E-02   2.84278E-02   8.61651E-01   1.50000E+01   7.30000E+01   4.62604E+01   5.58001E+00
 7.34326E-03   1.59449E-02   2.83986E-02   8.61794E-01   1.50000E+01   7.30000E+01   4.63695E+01   5.60243E+00
 7.41669E-03   1.60731E-02   2.83698E-02   8.61934E-01   1.50000E+01   7.30000E+01   4.64788E+01   5.62490E+00
 7.49086E-03   1.62020E-02   2.83415E-02   8.62072E-01   1.50000E+01   7.30000E+01   4.65884E+01   5.64742E+00
 7.56577E-03   1.63316E-02   2.83136E-02   8.62207E-01   1.50000E+01   7.30000E+01   4.66983E+01   5.66999E+00
 7.64143E-03   1.64621E-02   2.82863E-02   8.62340E-01   1.50000E+01   7.30000E+01   4.68084E+01   5.69262E+00
 7.79502E-03   1.65268E-02   2.82730E-02   8.62405E-01   1.50000E+01   7.30000E+01   4.68629E+01   5.70381E+00
 7.87297E-03   1.66583E-02   2.82464E-02   8.62534E-01   1.50000E+01   7.30000E+01   4.69733E+01   5.72650E+00
 7.95170E-03   1.67729E-02   2.82237E-02   8.62645E-01   1.50000E+01   7.30000E+01   4.70692E+01   5.74621E+00
 8.03122E-03   1.69059E-02   2.81980E-02   8.62770E-01   1.50000E+01   7.30000E+01   4.71801E+01   5.76900E+00
 8.11153E-03   1.70396E-02   2.81727E-02   8.62893E-01   1.50000E+01   7.30000E+01   4.72912E+01   5.79183E+00
 8.19264E-03   1.71741E-02   2.81480E-02   8.63013E-01   1.50000E+01   7.30000E+01   4.74026E+01   5.81473E+00
 8.52530E-03   1.72948E-02   2.81263E-02   8.63119E-01   1.50000E+01   7.30000E+01   4.75022E+01   5.83519E+00
 8.61055E-03   1.74306E-02   2.81025E-02   8.63235E-01   1.50000E+01   7.30000E+01   4.76139E+01   5.85815E+00
 8.69666E-03   1.75476E-02   2.80824E-02   8.63332E-01   1.50000E+01   7.30000E+01   4.77099E+01   5.87787E+00
 8.78362E-03   1.76848E-02   2.80595E-02   8.63444E-01   1.50000E+01   7.30000E+01   4.78221E+01   5.90093E+00
 8.87146E-03   1.78229E-02   2.80370E-02   8.63553E-01   1.50000E+01   7.30000E+01   4.79346E+01   5.92404E+00
 8.96017E-03   1.79617E-02   2.80150E-02   8.63660E-01   1.50000E+01   7.30000E+01   4.80473E+01   5.94720E+00
 9.23167E-03   1.80983E-02   2.79939E-02   8.63763E-01   1.50000E+01   7.30000E+01   4.81579E+01   5.96992E+00
 9.32399E-03   1.82386E-02   2.79728E-02   8.63865E-01   1.50000E+01   7.30000E+01   4.82710E+01   5.99317E+00
 9.41723E-03   1.83796E-02   2.79522E-02   8.63966E-01   1.50000E+01   7.30000E+01   4.83844E+01   6.01648E+00
 9.51140E-03   1.85215E-02   2.79321E-02   8.64064E-01   1.50000E+01   7.30000E+01   4.84981E+01   6.03984E+00
 9.60652E-03   1.86641E-02   2.79124E-02   8.64159E-01   1.50000E+01   7.30000E+01   4.86121E+01   6.06325E+00
 9.70258E-03   1.88076E-02   2.78932E-02   8.64253E-01   1.50000E+01   7.30000E+01   4.87263E+01   6.08673E+00
 9.79961E-03   1.89519E-02   2.78745E-02   8.64344E-01   1.50000E+01   7.30000E+01   4.88408E+01   6.11025E+00
 9.89760E-03   1.90969E-02   2.78562E-02   8.64433E-01   1.50000E+01   7.30000E+01   4.89556E+01   6.13384E+00
 9.99658E-03   1.92428E-02   2.78384E-02   8.64520E-01   1.50000E+01   7.30000E+01   4.90706E+01   6.15748E+00
 1.00965E-02   1.93895E-02   2.78210E-02   8.64604E-01   1.50000E+01   7.30000E+01   4.91859E+01   6.18117E+00
 1.01975E-02   1.95156E-02   2.78065E-02   8.64675E-01   1.50000E+01   7.30000E+01   4.92848E+01   6.20149E+00
 1.02995E-02   1.96638E-02   2.77900E-02   8.64755E-01   1.50000E+01   7.30000E+01   4.94006E+01   6.22529E+00
 1.04025E-02   1.98128E-02   2.77740E-02   8.64833E-01   1.50000E+01   7.30000E+01   4.95167E+01   6.24914E+00
 1.05065E-02   1.99625E-02   2.77584E-02   8.64909E-01   1.50000E+01   7.30000E+01   4.96330E+01   6.27305E+00
 1.06116E-02   2.01131E-02   2.77432E-02   8.64983E-01   1.50000E+01   7.30000E+01   4.97497E+01   6.29702E+00
 1.07177E-02   2.02646E-02   2.77286E-02   8.65054E-01   1.50000E+01   7.30000E+01   4.98666E+01   6.32104E+00
 1.08249E-02   2.04168E-02   2.77143E-02   8.65124E-01   1.50000E+01   7.30000E+01   4.99838E+01   6.34512E+00
 1.18390E-02   2.05426E-02   2.77030E-02   8.65179E-01   1.50000E+01   7.30000E+01   5.00803E+01   6.36497E+00
 1.19574E-02   2.06960E-02   2.76896E-02   8.65244E-01   1.50000E+01   7.30000E+01   5.01978E+01   6.38910E+00
 1.20770E-02   2.07011E-02   2.76892E-02   8.65246E-01   1.50000E+01   7.30000E+01   5.02017E+01   6.38991E+00
 1.21977E-02   2.07987E-02   2.76810E-02   8.65286E-01   1.50000E+01   7.30000E+01   5.02763E+01   6.40523E+00
 1.23197E-02   2.09534E-02   2.76684E-02   8.65347E-01   1.50000E+01   7.30000E+01   5.03941E+01   6.42944E+00
 1.24429E-02   2.11089E-02   2.76563E-02   8.65406E-01   1.50000E+01   7.30000E+01   5.05122E+01   6.45372E+00
 1.25673E-02   2.12652E-02   2.76446E-02   8.65463E-01   1.50000E+01   7.30000E+01   5.06306E+01   6.47805E+00
 1.26930E-02   2.14223E-02   2.76333E-02   8.65518E-01   1.50000E+01   7.30000E+01   5.07493E+01   6.50244E+00
 1.28199E-02   2.15802E-02   2.76226E-02   8.65570E-01   1.50000E+01   7.30000E+01   5.08683E+01   6.52689E+00
 1.29481E-02   2.17390E-02   2.76122E-02   8.65620E-01   1.50000E+01   7.30000E+01   5.09876E+01   6.55140E+00
 1.30776E-02   2.18986E-02   2.76024E-02   8.65668E-01   1.50000E+01   7.30000E+01   5.11071E+01   6.57596E+00
 1.32084E-02   2.20542E-02   2.75932E-02   8.65713E-01   1.50000E+01   7.30000E+01   5.12234E+01   6.59985E+00
 1.33405E-02   2.22154E-02   2.75842E-02   8.65757E-01   1.50000E+01   7.30000E+01   5.13435E+01   6.62453E+00
 1.34739E-02   2.22836E-02   2.75806E-02   8.65774E-01   1.50000E+01   7.30000E+01   5.13942E+01   6.63495E+00
 1.54879E-02   2.24365E-02   2.75727E-02   8.65813E-01   1.50000E+01   7.30000E+01   5.15077E+01   6.65827E+00
 1.56427E-02   2.25990E-02   2.75648E-02   8.65851E-01   1.50000E+01   7.30000E+01   5.16280E+01   6.68298E+00
 1.57992E-02   2.27622E-02   2.75574E-02   8.65887E-01   1.50000E+01   7.30000E+01   5.17485E+01   6.70776E+00
 1.59572E-02   2.28872E-02   2.75521E-02   8.65913E-01   1.50000E+01   7.30000E+01   5.18405E+01   6.72667E+00
 1.61167E-02   2.30519E-02   2.75454E-02   8.65946E-01   1.50000E+01   7.30000E+01   5.19616E+01   6.75155E+00
 1.62779E-02   2.30601E-02   2.75451E-02   8.65947E-01   1.50000E+01   7.30000E+01   5.19677E+01   6.75279E+00
 1.64407E-02   2.30643E-02   2.75449E-02   8.65948E-01   1.50000E+01   7.30000E+01   5.19707E+01   6.75342E+00
 1.66051E-02   2.32030E-02   2.75397E-02   8.65973E-01   1.50000E+01   7.30000E+01   5.20724E+01   6.77431E+00
 1.67711E-02   2.33048E-02   2.75361E-02   8.65991E-01   1.50000E+01   7.30000E+01   5.21469E+01   6.78962E+00
 1.72793E-02   2.33982E-02   2.75330E-02   8.66006E-01   1.50000E+01   7.30000E+01   5.22151E+01   6.80365E+00
 1.74521E-02   2.34994E-02   2.75298E-02   8.66022E-01   1.50000E+01   7.30000E+01   5.22890E+01   6.81881E+00
 1.76266E-02   2.36672E-02   2.75248E-02   8.66046E-01   1.50000E+01   7.30000E+01   5.24111E+01   6.84391E+00
 1.78029E-02   2.38358E-02   2.75202E-02   8.66068E-01   1.50000E+01   7.30000E+01   5.25335E+01   6.86907E+00
 1.79809E-02   2.40052E-02   2.75161E-02   8.66088E-01   1.50000E+01   7.30000E+01   5.26563E+01   6.89429E+00
 1.81607E-02   2.41133E-02   2.75138E-02   8.66100E-01   1.50000E+01   7.30000E+01   5.27344E+01   6.91035E+00
 1.83423E-02   2.42840E-02   2.75104E-02   8.66116E-01   1.50000E+01   7.30000E+01   5.28576E+01   6.93567E+00
 1.85258E-02   2.44556E-02   2.75075E-02   8.66130E-01   1.50000E+01   7.30000E+01   5.29811E+01   6.96105E+00
 1.87110E-02   2.45655E-02   2.75059E-02   8.66138E-01   1.50000E+01   7.30000E+01   5.30601E+01   6.97726E+00
 1.88981E-02   2.47385E-02   2.75037E-02   8.66149E-01   1.50000E+01   7.30000E+01   5.31841E+01   7.00275E+00
 1.90871E-02   2.47876E-02   2.75031E-02   8.66151E-01   1.50000E+01   7.30000E+01   5.32192E+01   7.00997E+00
 1.94708E-02   2.48169E-02   2.75028E-02   8.66153E-01   1.50000E+01   7.30000E+01   5.32402E+01   7.01428E+00
 1.96655E-02   2.49912E-02   2.75013E-02   8.66160E-01   1.50000E+01   7.30000E+01   5.33647E+01   7.03987E+00
 1.98621E-02   2.51663E-02   2.75002E-02   8.66166E-01   1.50000E+01   7.30000E+01   5.34896E+01   7.06552E+00
